%YAML:1.0
---
R: !!opencv-matrix
   rows: 3
   cols: 3
   dt: d
   data: [ 0.96399866242598, -0.00796904886840, 0.26578764662990, 0.00728772990076, 0.99996714432250, 0.00354954481672, -0.26580720049280, -0.00148476787594, 0.96402506587253 ]
T: !!opencv-matrix
   rows: 3
   cols: 1
   dt: d
   data: [-156.25781987473610, -1.17331781812741, 42.37334819766573 ]
Rw: !!opencv-matrix
   rows: 3
   cols: 3
   dt: d
   data: [ 1, 0, 0, 0, 1, 0, 0, 0, 1 ]
Tw: !!opencv-matrix
   rows: 3
   cols: 1
   dt: d
   data: [ 0, 0, 0 ]
R1: !!opencv-matrix
   rows: 3
   cols: 3
   dt: d
   data: [ 1, 0, 0, 0, 1, 0, 0, 0, 1 ]
R2: !!opencv-matrix
   rows: 3
   cols: 3
   dt: d
   data: [ 1, 0, 0, 0, 1, 0, 0, 0, 1 ]
P1: !!opencv-matrix
   rows: 3
   cols: 4
   dt: d
   data: [ 1, 0, 0, 0, 1, 0, 0, 0, 1, 0, 0, 1 ]
P2: !!opencv-matrix
   rows: 3
   cols: 4
   dt: d
   data: [ 1, 0, 0, 0, 1, 0, 0, 0, 1, 0, 0, 1 ]
Q: !!opencv-matrix
   rows: 4
   cols: 4
   dt: d
   data: [ 1, 0, 0, 0, 0, 1, 0, 0, 0, 0, 1, 0, 0, 0, 0, 1 ]
F: !!opencv-matrix
   rows: 3
   cols: 3
   dt: d
   data: [ 0.00000000001817, -0.00000000406177, 0.00000401940456, -0.00000025062648, -0.00000000336980, -0.01164784875215, 0.00019037083828, 0.01243572687919, -0.87113349447343 ]
