%YAML:1.0
---
M1: !!opencv-matrix
   rows: 3
   cols: 3
   dt: d
   data: [ 12973.73378845093430, 0.00000000000000, 1530.83224639445052, 0.00000000000000, 12974.87892017021295, 1152.12427635555264, 0.00000000000000, 0.00000000000000, 1.00000000000000 ]
D1: !!opencv-matrix
   rows: 1
   cols: 5
   dt: d
   data: [ -0.00631971862585, -0.93566465117464, 0.00000000000000, 0.00000000000000, 0.00000000000000 ]
M2: !!opencv-matrix
   rows: 3
   cols: 3
   dt: d
   data: [ 13029.57917937660386, 0.00000000000000, 1563.00584555512000, 0.00000000000000, 13029.42485336756363, 1142.45242622340584, 0.00000000000000, 0.00000000000000, 1.00000000000000 ]
D2: !!opencv-matrix
   rows: 1
   cols: 5
   dt: d
   data: [ 0.03056415570917, -2.87184078594708, 0.00000000000000, 0.00000000000000, 0.00000000000000 ]
